Input:	
2
2
111 80 12
222 70 11
333 50 10
444 90 77

Output:
111 222
444 111

Input:
3
3
234 58 100
663 59 3
825 18 50
256 48 55
202 80 44
242 93 74

Output:
234 663 825
202 242 234

Input:
1
1
100 11 21
791 2 18

Output:
100
100

Input:	
5
6
336 13 9
498 24 100
174 46 18
107 33 39
320 75 22
730 57 36
518 64 59
603 7 62
555 74 8
480 69 24
441 7 16

Output:
336 498 174 107 320
730 518 603 555 480 498

Input:
12
8
352 71 49
422 90 19
778 27 45
549 21 32
777 45 44
305 28 59
325 66 20
304 9 55
584 1 24
802 40 88
762 13 30
595 85 39
492 72 5
469 77 40
545 69 20
667 44 77
154 80 42
708 24 18
427 62 73
447 43 76

Output:
352 422 778 549 777 305 325 304 584 802 762 595
469 545 667 154 708 427 447 802

Input:
8
6
776 23 86
437 42 71
444 36 49
594 64 59
152 17 52
125 85 15
175 80 43
191 61 49
729 57 69
388 42 37
798 61 8
158 69 61
928 52 86
312 10 47

Output:
776 437 444 594 152 125 175 191
729 388 798 158 928 594

Input:
10
3
856 63 58
899 21 18
624 79 87
212 85 71
831 15 47
152 60 51
666 52 69
771 36 97
864 5 46
145 85 14
662 23 26
178 82 6
870 37 77

Output:
856 899 624 212 831 152 666 771 864 145
662 870 624


Input:
10
12
518 16 43
276 91 96
431 58 5
485 30 42
686 44 20
620 56 49
341 95 22
589 14 100
311 93 3
804 95 60
201 100 82
697 99 92
420 42 3
269 98 69
187 99 41
479 26 8
217 95 20
893 9 88
600 80 46
464 77 57
931 95 77
387 15 34

Output:
518 276 431 485 686 620 341 589 311 804
201 697 269 187 479 217 893 600 464 931 387 276

Input:
8
6
776 23 86
437 42 71
444 36 49
594 64 59
152 17 52
125 85 15
175 80 43
191 61 49
729 57 69
388 42 37
798 61 8
158 69 61
928 52 86
312 10 47

Output:
776 437 444 594 152 125 175 191
729 388 798 158 928 594

Input:
2
2
148 21 50
712 49 59
363 89 2
738 64 44

Output:
148 712
738 712